state	transitBusesSales	transitBusesStock	schoolBusesSales	schoolBusesStock
AK	4	111	55.4613034487937	729
AL	12.5	219	600.868826664709	7898
AR	8.75	119	385.718530158277	5070
AZ	106.25	1131	545.179287399254	7166
CA	787.5	10444	1799.25902134976	23650
CO	121	1427	869.779081953469	11432.6370156356
CT	72.5	707	654.276007763547	8600
DC	112	1756	1070.30978830434	14068.4727396329
DE	3	250	134.126581591527	1763
FL	223.75	3118	1071.87147364891	14089
GA	72.25	942	1125.88728359218	14799
HI	26	585	49.907565243359	656
IA	27	496	342.353724992554	4500
ID	3.75	89	214.161274634231	2815
IL	201.25	3222	1927.60362891919	25337
IN	40	536	1228.51732248439	16148
KS	14	186	306.292465960005	4026
KY	28.25	488	604.216285309081	7942
LA	21.5	391	520.453740594236	6841
MA	139	1674	684.707449985108	9000
MD	93	1413	551.417733054673	7248
ME	8	193	240.104079128111	3156
MI	168	2000	1254.84052000604	16494
MN	93.25	1345	1389.11925880868	18259
MO	57.25	749	905.259327485866	11899
MS	9.25	152	408.00956158557	5363
MT	8.25	125	264.06883987759	3471
NC	80.5	1248	987.119907061864	12975
ND	5	65	137.093647208129	1802
NE	13.5	183	434.104523290558	5706
NH	4	84	243.451537772483	3200
NJ	12	1564	1270.81702717236	16704
NM	13.25	263	152.689761346679	2007
NV	58.5	498	189.283570618105	2488
NY	582.25	7167	3469.18441325788	45600
OH	151.5	1735	1104.81350985375	14522
OK	12.5	194	42.7561763212923	562
OR	90.75	1027	369.361629964189	4855
PA	235.25	3167	1642.99356554204	21596
RI	19.5	252	128.648921991646	1691
SC	19.5	290	386.098923186047	5075
SD	3.75	46	152.157211107802	2000
TN	38.5	582	702.433765079167	9233
TX	274	3323	3774.10746431791	49608
UT	45	523	241.017022394758	3168
VA	77.25	1271	1198.39019468505	15752
VT	7	105	91.294326664681	1200
WA	285.75	3260	812.367350104553	10678
WI	43.25	1064	747.244063750414	9822
WV	18	178	220.627956106312	2900
WY	2.5	66	102.173567258889	1343
